 0 45 30  0  0  0  0  0 50  0
45  0 20 45  0  0  0  0  0  0 
30 20  0 30  0 25  0  0 99  0
 0 45 30  0 45  0  0  0  0  0 
 0  0  0 45  0 75 40  0  0  0  
 0  0 25  0 75  0 75  0 90  0
 0  0  0  0 40 75  0 80  0 40
 0  0  0  0  0  0 80  0 15  0
50  0 99  0  0 90  0 15  0 45
 0  0  0  0  0  0 40  0 45  0

  0 45 62 57 78 64 48 75 15 26 16  4  0 25  0 15 10 68  0 10 39  0 65  0  0
 45  0 67 32  0 76 23  0 78 73 29 54  0 42  0  0 37  0 69 20  7 54 30 28 49
 62 67  0 24 60  8  9  0 37 15 73 22  0 41 33  0 10 27 22 75  0 73 51 43  3
 57 32 24  0 29 25 27  1  0 23 30 23 71  0 29 48 43 17 29  7  0 10 75 75  3
 78  0 60 29  0  0 64  0 48 76 58 70  0 79 61  0  2  9 63 45 39  5  0 15 69
 64 76  8 25  0  0 70 25  0 62 11 45 33 43  1  0 19 54 53 11 68 43 16 19 10
 48 23  9 27 64 70  0 46 71 12 16  1  5 32  0  0 18 44 77 32 13 43  7 19 49
 75  0  0  1  0 25 46  0  0  0 29 77 69  0 58 56  0 17  4 44 44 53 63 17  0
 15 78 37  0 48  0 71  0  0 40 65  0  0 67  0  0  0 62 38 42  1 17 13 10 62
 26 73 15 23 76 62 12  0 40  0 35 46 24 33 78 55 10 20 59  1 51 60 23 46  5
 16 29 73 30 58 11 16 29 65 35  0  0  0 47  0  1  0 43 20 30 69 31  3  9 59
  4 54 22 23 70 45  1 77  0 46  0  0 55 13  0  4  0 29 29  0  0 72 51 12 57
  0  0  0 71  0 33  5 69  0 24  0 55  0  5 19 48 10 68 27  8  4 40 51 25 20
 25 42 41  0 79 43 32  0 67 33 47 13  5  0  0  1 43  0 67 26 20  1  5 18 35
  0  0 33 29 61  1  0 58  0 78  0  0 19  0  0 77 50 78 51 50  2 66 41 35 45
 15  0  0 48  0  0  0 56  0 55  1  4 48  1 77  0 39  3  0 50  9 34  0 40 67
 10 37 10 43  2 19 18  0  0 10  0  0 10 43 50 39  0  0 38 66 16 60 50 17  0
 68  0 27 17  9 54 44 17 62 20 43 29 68  0 78  3  0  0 53  0 27 71 67 13 20
  0 69 22 29 63 53 77  4 38 59 20 29 27 67 51  0 38 53  0 26 39 36 48 40  0
 10 20 75  7 45 11 32 44 42  1 30  0  8 26 50 50 66  0 26  0  0 55  4 59 56
 39  7  0  0 39 68 13 44  1 51 69  0  4 20  2  9 16 27 39  0  0 58 74  0 29
  0 54 73 10  5 43 43 53 17 60 31 72 40  1 66 34 60 71 36 55 58  0 76  0 70
 65 30 51 75  0 16  7 63 13 23  3 51 51  5 41  0 50 67 48  4 74 76  0 42 67
  0 28 43 75 15 19 19 17 10 46  9 12 25 18 35 40 17 13 40 59  0  0 42  0 72
  0 49  3  3 69 10 49  0 62  5 59 57 20 35 45 67  0 20  0 56 29 70 67 72  0
